923330900
923331000
923331101
923331301
923331401
923331501
923331602
923331702
923331902
923332003
923332103
923332203
923332303
923332403
923332504
923332604
923332704
923332804
923332904
923333004
923333105
923333205
923333305
923333405
923333505
923333605
923333706
923333806
923333906
923334006
923334107
923334207
923334307
923334407
923334507
923334607
923334708
923334808
923334908
923335008
923335109
923335209
923335309
923335409
923335509
923335609
923335710
923335810
923335910
923336010
923336110
923336210
923336311
923336411
923336511
923336611
923336711
923336812
923336912
923337012
923337112
923337212
923337312
923337412
923337513
923337613
923337713
923337813
923337913
923338013
923338113
923338214
923338314
923338414
923338514
923338614
923338714
923338815
923338915
923339015
923339115
923339215
923339315
923339415
923339516
923339616
923339716
923339816
923339917
923340017
923340117
923340217
923340317
923340417
923340517
923340618
923340718
923340818
923341119
923341219
923341319
923341419
923341519
923341619
923341720
923341820
923341920
923342020
923342120
923342220
923342321
923342421
923342521
923342621
923342721
923342821
923342921
923343022
923343122
923343222
923343322
923343422
923343523
923343623
923343723
923343823
923343923
923344023
923344124
923344224
923344324
923344424
923344524
923344625
923344725
923344825
923344925
923345026
923345126
923345226
923345326
923345427
923345527
923345627
923345727
923345828
923345928
923346028
923346128
923346228
923346328
923346429
923346529
923346729
923346930
923347030
923347230
923347331
923347431
923347531
923347631
923347731
923347832
923347932
923348032
923348133
923348233
923348333
923348433
923348533
923348634
923348734
923348834
923348934
923349034
923349135
923349235
923349335
923349436
923349536
923349636
923349736
923349836
923349937
923350037
923350137
923350238
923350338
923350438
923350538
923350639
923350739
923350839
923350939
923351039
923351140
923351240
923351340
923351440
923351641
923351741
923351841
923351941
923352042
923352142
923352242
923352342
923352443
923352543
923352643
923352743
923352844
923353044
923353144
923353245
923353445
923353646
923353746
923353846
923353946
923354047
923354147
923354347
923354447
923354548
923354648
923354748
923354949
923355049
923355149
923355249
923355350
923355450
923355550
923355650
923355851
923355951
923356052
923356152
923356252
923356352
923356452
923356552
923356652
923356753
923356853
923356953
923357053
923357153
923357254
923357354
923357454
923357555
923357655
923357755
923357855
923357955
923358056
923358156
923358256
923358357
923358457
923358557
923358657
923358757
923358858
923358958
923359058
923359158
923359259
923359359
923359459
923359559
923359659
923359760
923359860
923359960
923360060
923360161
923360261
923360361
923360461
923360561
923360662
923360762
923360862
923360963
923361063
923361163
923361364
923361464
923361564
923361664
923361765
923361865
923361965
923362065
923362166
923362266
923362366
923362467
923362567
923362667
923362767
923362868
923362968
923363068
923363168
923363269
923363369
923363469
923363569
923363669
923363770
923363870
923363970
923364071
923364171
923364371
923364471
923364572
923364672
923364772
923364872
923364972
923365072
923365173
923365273
923365373
923365473
923365573
923365674
923365774
923365874
923365974
923366074
923366175
923366275
923366375
923366475
923366576
923366676
923366776
923366876
923366977
923367077
923367177
923367277
923367378
923367478
923367578
923367678
923367779
923367879
923367979
923368079
923368279
923368380
923368480
923368580
923368681
923368781
923368881
923368981
923369081
923369181
923369282
923369382
923369482
923369582
923369683
923369783
923369883
923369983
923370084
923370184
923370284
923370384
923370485
923370585
923370685
923370785
923370885
923370986
923371086
923371186
923371286
923371387
923371487
923371587
923371687
923371787
923371888
923371988
923372088
923372188
923372289
923372389
923372489
923372589
923372690
923372790
923372890
923372990
923373091
923373291
923373391
923373492
923373592
923373692
923373792
923373893
923373993
923374093
923374193
923374293
923374394
923374494
923374594
923374694
923374794
923374895
923374995
923375095
923375195
923375296
923375396
923375496
923375596
923375697
923375797
923375897
923375998
923376098
923376198
923376299
923376399
923376499
923376599
923376700
923376800
923376900
923377000
923377101
923377201
923377301
923377401
923377502
923377702
923377802
923377902
923378003
923378103
923378203
923378304
923378404
923378504
923378604
923378905
923379005
923379205
923379305
923379406
923379506
923379606
923379806
923380007
923380107
923380207
923380308
923380408
923380510
923380710
923380810
923381111
923381211
923381312
923381412
923381512
923381612
923381813
923381913
923382013
923382113
923382213
923382314
923382414
923382514
923382614
923382714
923382815
923382915
923383015
923383115
923383216
923383416
923383516
923383617
923383717
923383817
923383917
923384018
923384118
923384218
923384318
923384419
923384519
923384619
923384719
923384819
923384920
923385020
923385120
923385220
923385320
923385421
923385521
923385621
923385721
923385822
923385922
923386022
923386122
923386223
923386323
923386423
923386523
923386623
923386724
923386824
923386924
923387024
923387124
923387225
923387325
923387425
923387525
923387626
923387726
923387826
923387926
923388027
923388127
923388227
923388327
923388428
923388528
923388628
923388728
923388828
923388928
923389029
923389129
923389229
923389329
923389429
923389530
923389630
923389730
923389831
923389931
923390031
923390131
923390232
923390332
923390432
923390532
923390633
923390733
923390833
923390933
923391033
923391134
923391234
923391334
923391435
923391535
923391635
923391735
923391835
923391935
923392036
923392136
923392236
923392336
923392437
923392537
923392637
923392737
923392838
923392938
923393038
923393138
923393238
923393339
923393439
923393539
923393640
923393740
923393840
923393940
923394141
923394241
923394341
923394441
923394541
923394642
923394742
923394842
923394942
923395042
923395142
923395242
923395342
923395443
923395543
923395643
923395743
923395843
923395944
923396044
923396144
923396244
923396344
923396444
923396544
923396745
923396845
923396945
923397045
923397145
923397245
923397345
923397446
923397546
923397646
923397746
923397846
923397946
923398047
923398146
923398247
923398347
923398447
923398647
923398747
923398847
923398948
923399148
923399248
923399348
923399448
923399548
923399648
923399749
923399849
923399949
923400049
923400149
923400249
923400350
923400450
923400550
923400650
923400750
923400850
923400950
923401050
923401151
923401251
923401351
923401451
923401551
923401651
923401751
923401851
923401951
923402052
923402152
923402252
923402352
923402452
923402552
923402652
923402753
923402853
923402953
923403053
923403153
923403253
923403353
923403453
923403553
923403654
923403754
923403854
923403954
923404054
923404154
923404255
923404355
923404455
923404555
923404655
923404755
923404855
923404956
923405056
923405156
923405256
923405357
923405456
923405557
923405657
923405757
923405857
923405957
923406058
923406158
923406258
923406358
923406458
923406558
923406659
923406759
923406959
923407059
923407159
923407260
923407360
923407460
923407560
923407661
923407761
923407861
923407961
923408061
923408162
923408262
923408362
923408462
923408562
923408662
923408763
923408863
923409063
923409263
923409364
923409464
923409564
923409664
923409764
923409864
923409965
923410065
923410165
923410265
923410465
923410566
923410666
923410766
923410866
923410966
923411166
923411267
923411367
923411467
923411567
923411667
923411767
923411868
923411968
923412068
923412168
923412269
923412369
923412469
923412569
923412670
923412770
923412870
923412970
923413071
923413171
923413271
923413371
923413471
923413571
923413672
923413772
923413872
923413972
923414072
923414273
923414373
923414473
923414673
923414774
923414874
923414974
923415074
923415175
923415275
923415375
923415475
923415576
923415676
923415776
923415876
923415976
923416077
923416177
923416277
923416377
923416477
923416578
923416678
923416778
923416878
923416978
923417079
923417179
923417279
923417379
923417480
923417680
923417780
923417880
923417981
923418081
923418281
923418582
923418682
923418783
923418883
923419184
923419284
923419484
923419885
923419985
923420186
923420286
923420486
923420587
923420687
923420787
923420887
923420988
923421088
923421288
923421388
923421489
923421589
923421689
923421789
923421890
923421990
923422090
923422190
923422290
923422390
923422491
923422591
923422691
923422791
923422892
923422992
923423092
923423192
923423293
923423393
923423493
923423593
923423693
923423794
923423994
923424095
923424195
923424295
923424395
923424495
923424596
923424696
923424796
923424896
923424997
923425097
923425197
923425297
923425398
923425498
923425598
923425698
923425799
923425899
923425999
923426099
923426200
923426300
923426400
923426500
923426600
923426701
923426801
923426901
923427001
923427102
923427202
923427302
923427402
923427503
923427603
923427703
923427803
923427903
923428004
923428104
923428204
923428304
923428405
923428505
923428605
923428705
923428806
923428906
923429006
923429106
923429207
923429307
923429407
923429507
923429608
923429708
923429808
923429908
923430009
923430109
923430209
923430309
923430410
923430510
923430610
923430710
923430811
923431011
923431111
923431211
923431311
923431412
923431512
923431612
923431712
923431813
923431913
923432013
923432113
923432213
923432314
923432414
923432514
923432615
923432715
923432815
923432915
923433015
923433116
923433216
923433316
923433416
923433517
923433617
923433717
923433817
923433917
923434018
923434118
923434218
923434319
923434419
923434519
923434619
923434719
923434820
923434920
923435020
923435120
923435221
923435321
923435421
923435521
923435621
923435721
923435822
923435922
923436022
923436122
923436222
923436323
923436423
923436523
923436623
923436723
923436823
923436923
923437024
923437124
923437224
923437324
923437425
923437525
923437625
923437725
923437825
923437925
923438025
923438126
923438226
923438326
923438426
923438526
923438626
923438726
923438827
923438927
923439027
923439127
923439227
923439327
923439427
923439528
923439628
923439728
923439828
923439928
923440028
923440129
923440229
923440329
923440429
923440529
923440629
923440730
923440830
923440930
923441030
923441130
923441231
923441331
923441431
923441531
923441631
923441731
923441832
923441932
923442032
923442132
923442232
923442332
923442433
923442533
923442633
923442733
923442833
923442934
923443034
923443134
923443234
923443335
923443435
923443535
923443635
923443735
923443836
923443936
923444036
923444136
923444236
923444336
923444437
923444537
923444637
923444737
923444838
923444938
923445038
923445138
923445238
923445339
923445439
923445539
923445639
923445840
923445940
923446040
923446140
923446240
923446341
923446441
923446541
923446641
923446742
923446842
923446942
923447042
923447142
923447243
923447343
923447443
923447543
923447643
923447744
923447844
923447944
923448044
923448145
923448245
923448345
923448445
923448545
923448646
923448746
923448846
923448946
923449047
923449147
923449247
923449347
923449448
923449548
923449648
923449748
923449949
923450049
923450150
923450250
923450350
923450450
923450551
923450651
923450751
923450851
923450952
923451052
923451152
923451252
923451353
923451453
923451553
923451653
923451754
923451854
923451954
923452054
923452154
923452255
923452455
923452555
923452655
923452755
923452855
923452956
923453056
923453156
923453256
923453357
923453457
923453557
923453657
923453758
923453858
923453958
923454058
923454158
923454258
923454559
923454659
923454760
923454860
923455060
923455161
923455361
923455561
923455662
923455762
923455962
923456063
923456263
923456363
923456464
923456764
923457065
923457165
923457365
923457466
923457566
923457666
923457766
923457867
923457967
923458067
923458167
923458267
923458368
923458468
923458568
923458668
923458769
923458869
923458969
923459069
923459170
923459270
923459370
923459470
923459571
923459671
923459771
923459871
923459971
923460072
923460172
923460272
923460373
923460473
923460573
923460674
923460774
923460874
923460975
923461075
923461175
923461275
923461376
923461476
923461576
923461676
923461776
923461877
923461977
923462077
923462178
923462278
923462378
923462479
923462579
923462679
923462779
923462880
923462980
923463080
923463180
923463281
923463381
923463481
923463581
923463682
923463782
923463882
923464785
923464886
923464986
923465086
923465187
923465287
923465387
923465487
923465588
923465688
923465788
923465889
923465989
923466089
923466189
923466390
923466490
923466590
923466691
923466791
923466891
923466991
923467092
923467192
923467292
923467392
923467493
923467593
923467693
923467793
923467893
923467994
923468094
923468194
923468294
923468395
923468495
923468595
923468695
923468795
923468996
923469096
923469196
923469296
923469396
923469497
923469597
923469697
923469798
923469898
923469998
923470098
923470198
923470299
923470399
923470499
923470599
923470699
923470799
923470899
923471000
923471100
923471200
923471300
923471400
923471501
923471601
923471701
923471801
923472002
923472102
923472202
923472302
923472402
923472503
923472603
923472703
923472803
923472903
923473003
923473103
923473204
923473304
923473404
923473504
923473604
923473704
923473805
923473905
923474005
923474105
923474205
923474506
923474606
923474706
923474806
923474906
923475006
923475106
923475207
923475307
923475407
923475507
923475607
923475707
923475807
923476008
923476108
923476208
923476308
923476408
923476509
923476609
923476709
923476809
923476909
923477009
923477109
923477210
923477310
923477410
923477510
923477610
923477710
923477810
923477911
923478011
923478111
923478211
923478311
923478411
923478512
923478612
923478712
923478812
923478912
923479013
923479113
923479213
923479313
923479413
923479513
923479614
923479714
923479814
923479914
923480014
923480215
923480315
923480415
923480515
923480615
923480715
923480815
923480916
923481016
923481116
923481216
923481316
923481417
923481517
923481617
923481717
923481817
923481918
923482018
923482118
923482218
923482318
923482418
923482519
923482619
923482719
923482819
923482919
923483019
923483120
923483220
923483320
923483420
923483521
923483621
923483721
923483822
923483922
923484022
923484123
923484223
923484323
923484423
923484523
923484624
923484724
923484924
923485025
923485125
923485225
923485325
923485426
923485526
923485626
923485727
923485827
923486027
923486228
923486328
923486428
923486528
923486628
923486729
923486829
923486929
923487029
923487130
923487230
923487330
923487431
923487631
923487731
923487832
923487932
923488032
923488133
923488233
923488333
923488534
923488634
923488834
923488935
923489035
923489135
923489336
923489436
923489536
923489636
923489737
923489837
923489937
923490037
923490138
923490238
923490338
923490438
923490539
923490639
923490739
923490839
923490939
923491040
923491140
923491240
923491340
923491440
923491541
923491641
923491741
923491841
923491942
923492042
923492142
923492242
923492343
923492443
923492543
923492644
923492744
923492844
923492944
923493045
923493145
923493245
923493345
923493446
923493546
923493646
923493747
923493847
923493947
923494047
923494148
923494248
923494348
923494448
923494549
923494649
923494749
923494849
923494949
923495050
923495150
923495250
923495350
923495551
923495651
923495751
923495851
923495952
923496052
923496152
923496253
923496353
923496453
923497356
923497456
923497556
923497657
923497757
923497857
923497957
923498058
923498158
923498258
923498358
923498458
923498559
923498659
923498760
923498860
923498960
923499060
923499161
923499261
923499361
923499461
923499561
923499661
923499762
923499862
923499962
923500062
923500162
923500262
923500363
923500463
923500563
923500663
923500764
923500864
923500964
923501064
923501264
923501364
923501464
923501564
923501664
923501765
923501865
923501965
923502065
923502165
923502265
923502366
923502466
923502566
923502666
923502866
923502967
923503067
923503167
923503267
923503367
923503467
923503567
923503668
923503768
923503868
923503968
923504069
923504169
923504269
923504369
923504470
923504570
923504670
923504770
923504870
923504971
923505071
923505171
923505271
923505371
923505471
923505571
923505772
923505872
923505972
923506072
923506172
923506273
923506373
923506473
923506573
923506674
923506774
923506874
923506974
923507074
923507174
923507275
923507375
923507475
923507575
923507675
923507775
923507876
923507976
923508076
923508276
923508376
923508477
923508577
923508677
923508777
923508877
923508978
923509078
923509178
923509278
923509379
923509479
923509579
923509679
923509779
923509879
923509980
923510080
923510180
923510280
923510380
923510480
923510580
923510680
923510781
923510881
923510981
923511081
923511181
923511281
923511382
923511482
923511582
923511682
923511782
923511883
923511983
923512083
923512183
923512283
923512384
923512484
923512584
923512684
923512785
923512885
923512985
923513086
923513186
923513286
923513386
923513487
923513587
923513687
923513787
923513887
923513988
923514088
923514188
923514289
923514389
923514489
923514589
923514689
923514790
923514890
923514990
923515091
923515191
923515291
923515391
923515491
923515592
923515692
923515792
923515892
923515993
923516093
923516193
923516293
923516393
923516493
923516594
923516694
923516794
923516894
923516995
923517095
923517195
923517295
923517395
923517496
923517596
923517696
923517796
923517896
923517997
923518097
923518197
923518297
923518398
923518498
923518598
923518799
923518899
923518999
923519100
923519200
923519300
923519401
923519601
923519701
923519901
923520102
923520302
923520403
923520603
923520903
923521004
923521305
923521405
923521505
923521706
923521806
923521906
923522006
923522107
923522207
923522307
923522407
923522507
923522608
923522708
923522808
923522908
923523009
923523109
923523209
923523309
923523410
923523510
923523610
923523710
923523810
923523911
923524011
923524111
923524212
923524312
923524412
923524512
923524612
923524713
923524813
923524913
923525013
923525114
923525214
923525314
923525415
923525515
923525615
923525716
923525816
923525916
923526017
923526117
923526217
923526317
923526417
923526518
923526718
923526818
923526918
923527019
923527119
923527219
923527319
923527420
923527520
923527620
923527720
923527821
923527921
923528021
923528121
923528221
923528322
923528422
923528522
923528622
923528723
923528823
923528923
923529024
923529124
923529224
923529324
923529425
923529625
923529726
923529826
923529926
923530026
923530127
923530227
923530327
923530427
923530528
923530628
923530728
923530828
923530929
923531029
923531129
923531229
923531330
923531430
923531530
923531631
923531731
923531831
923531931
923532032
923532132
923532232
923532333
923532433
923532533
923532633
923532734
923532834
923532934
923533034
923533135
923533235
923533335
923533536
923533636
923533736
923533836
923533937
923534037
923534137
923534237
923534338
923534438
923534538
923534638
923534739
923534839
923534939
923535039
923535140
923535240
923535340
923535441
923535541
923535741
923535841
923535941
923536042
923536142
923536242
923536342
923536442
923536542
923536642
923536742
923536843
923536943
923537043
923537143
923537243
923537343
923537443
923537544
923537644
923537744
923537844
923537945
923538045
923538145
923538245
923538345
923538446
923538546
923538646
923538846
923538947
923539047
923539147
923539247
923539347
923539447
923539547
923539647
923539748
923539848
923539948
923540048
923540149
923540249
923540349
923540449
923540549
923540649
923540749
923540850
923540950
923541050
923541150
923541250
923541350
923541450
923541551
923542453
923542553
923542654
923542754
923542854
923542954
923543054
923543155
923543255
923543355
923543455
923543555
923543656
923543756
923543856
923543956
923544057
923544157
923544257
923544357
923544457
923544558
923544658
923544758
923544858
923544958
923545058
923545159
923545259
923545359
923545459
923545559
923545660
923545760
923545860
923545960
923546060
923546161
923546261
923546361
923546461
923546561
923546661
923546762
923546862
923546962
923547062
923547162
923547263
923547363
923547463
923547563
923547663
923547764
923547864
923547964
923548164
923548264
923548365
923548465
923548565
923548666
923548766
923548866
923548966
923549067
923549167
923549267
923549367
923549467
923549567
923549668
923549768
923549868
923549968
923550068
923550169
923550269
923550369
923550469
923550570
923550670
923550770
923550870
923550970
923551071
923551171
923551271
923551371
923551472
923551572
923551672
923551772
923551872
923551972
923552173
923552273
923552374
923552474
923552574
923552675
923552775
923552875
923552975
923553075
923553176
923553276
923553376
923553476
923553576
923553677
923553777
923553877
923553977
923554077
923554178
923554278
923554378
923554478
923554579
923554679
923554779
923554879
923554979
923555080
923555180
923555280
923555380
923555481
923555581
923555681
923555781
923555882
923556183
923556383
923556683
923556784
923557084
923557184
923557285
923557385
923557586
923557786
923557886
923557987
923558087
923558187
923558288
923558388
923558488
923558588
923558689
923558789
923558889
923558989
923559090
923559190
923559290
923559390
923559490
923559591
923559691
923559791
923559891
923559991
923560092
923560192
923560292
923560392
923560493
923560593
923560693
923560793
923560894
923560994
923561094
923561195
923561295
923561395
923561496
923561596
923561696
923561796
923561897
923561997
923562097
923562197
923562298
923562398
923562498
923562598
923562699
923562799
923562899
923562999
923563100
923563200
923563300
923563400
923563500
923563601
923563701
923563801
923563902
923564002
923564102
923564202
923564303
923564403
923564503
923564603
923564704
923564804
923564904
923565005
923565105
923565205
923565305
923565405
923565506
923565606
923565706
923565807
923565907
923566007
923566208
923566308
923566408
923566509
923566609
923566709
923566810
923566910
923567010
923567110
923567210
923567311
923567411
923567511
923567611
923567712
923567812
923567912
923568012
923568113
923568213
923568313
923568413
923568513
923568614
923568714
923568814
923568915
923569015
923569115
923569215
923569416
923569516
923569616
923569716
923569817
923569917
923570017
923570117
923570218
923570318
923570418
923570518
923570618
923570718
923570919
923571019
923571119
923571219
923571319
923571419
923571520
923571620
923571720
923571820
923571920
923572020
923572120
923572220
923572321
923572521
923572621
923572721
923572821
923572922
923573022
923573122
923573222
923573322
923573422
923573522
923573622
923573723
923573823
923573923
923574023
923574123
923574223
923574323
923574423
923574524
923574624
923574724
923574824
923574925
923575025
923575125
923575225
923575325
923575425
923575525
923575626
923575726
923575826
923575926
923576026
923576127
923576227
923576327
923576427
923576527
923576627
923576727
923576827
923576927
923577028
923577128
923577228
923577328
923577428
923577529
923577629
923577729
923577829
923577929
923578029
923578130
923578230
923578330
923578430
923578530
923578630
923578731
923578831
923578931
923579031
923579131
923579232
923580134
923580234
923580334
923580434
923580535
923580635
923580735
923580835
923580935
923581035
923581135
923581236
923581336
923581436
923581536
923581636
923581737
923581837
923581937
923582037
923582137
923582238
923582338
923582438
923582538
923582638
923582738
923582839
923582939
923583039
923583139
923583239
923583339
923583440
923583540
923583640
923583740
923583841
923584041
923584141
923584241
923584342
923584442
923584542
923584642
923584843
923584943
923585043
923585144
923585244
923585344
923585444
923585544
923585645
923585745
923585845
923585945
923586046
923586146
923586246
923586346
923586447
923586547
923586647
923586748
923586848
923586948
923587048
923587148
923587249
923587349
923587549
923587650
923587750
923587850
923587950
923588050
923588151
923588251
923588351
923588451
923588551
923588652
923588752
923588852
923588952
923589052
923589253
923589353
923589453
923589553
923589654
923589754
923589854
923589954
923590054
923590155
923590255
923590355
923590556
923590656
923590856
923590957
923591057
923591157
923591257
923591357
923591457
923591558
923591658
923591758
923591858
923592059
923592159
923592260
923592360
923592460
923592560
923592660
923593061
923593162
923593262
923593462
923593763
923593963
923594063
923594164
923594966
923595467
923595567
923596068
923596169
923596269
923596670
923596770
923596870
923596970
923597071
923597171
923597271
923597472
923597572
923597672
923597772
923597872
923597973
923598073
923598273
923598374
923598774
923598875
923598975
923599075
923599175
923599376
923599476
923599576
923599676
923599777
923599877
923599977
923600077
923600178
923600278
923600378
923600478
923600579
923600679
923600779
923600879
923600979
923601080
923601180
923601280
923601381
923601481
923601581
923601681
923601782
923601882
923601982
923602083
923602183
923602283
923602384
923602484
923602584
923602684
923602784
923602884
923602985
923603085
923603185
923603285
923603386
923603486
923603586
923603687
923603787
923603887
923603988
923604088
923604188
923604288
923604389
923604489
923604589
923604690
923604790
923604890
923604990
923605091
923605191
923605291
923605391
923605492
923605592
923605692
923605792
923605893
923605993
923606093
923606193
923606294
923606394
923606494
923606594
923606694
923606795
923606895
923606995
923607095
923607195
923607296
923607396
923607496
923607597
923607697
923607797
923607897
923607998
923608198
923608298
923608398
923608499
923608599
923608699
923608799
923608899
923608999
923609100
923609200
923609300
923609400
923609501
923609601
923609701
923609801
923609902
923610002
923610102
923610203
923610303
923610403
923610503
923610603
923610704
923610804
923610904
923611005
923611105
923611205
923611305
923611405
923611506
923611606
923611706
923611807
923611907
923612007
923612107
923612207
923612308
923612408
923612508
923612608
923612709
923612809
923612909
923613009
923613210
923613310
923613411
923613511
923613611
923613711
923613811
923613911
923614012
923614112
923614312
923614412
923614513
923614613
923614713
923614914
923615014
923615114
923615214
923615314
923615414
923615515
923615615
923615715
923615815
923615915
923616015
923616115
923616215
923616316
923616416
923616516
923617418
923617518
923617618
923617718
923617818
923617918
923618019
923618119
923618219
923618319
923618419
923618519
923618619
923618719
923618820
923618920
923619020
923619121
923619221
923619321
923619421
923619521
923619621
923619721
923619821
923619922
923620022
923620122
923620222
923620323
923620423
923620523
923620623
923620723
923620823
923620923
923621023
923621124
923621224
923621324
923621424
923621524
923621624
923621724
923621825
923621925
923622025
923622125
923622225
923622325
923622425
923622526
923622726
923622826
923622926
923623026
923623126
923623226
923623327
923623427
923623528
923623628
923623728
923623828
923623928
923624029
923624129
923624229
923624329
923624429
923624529
923624629
923624829
923624930
923625030
923625130
923625230
923625330
923625430
923625530
923625630
923625731
923625831
923625931
923626031
923626131
923626231
923626331
923626432
923626532
923626632
923626732
923626832
923626932
923627032
923627133
923627233
923627333
923627433
923627533
923627633
923627733
923627833
923627934
923628034
923628134
923628234
923628334
923628434
923628635
923628735
923628835
923628935
923629035
923629136
923629236
923629336
923629436
923629536
923629636
923629737
923629837
923629937
923630037
923630138
923630238
923630338
923630438
923630538
923630638
923630739
923630839
923630939
923631039
923631139
923631239
923631340
923631540
923631740
923631840
923631941
923632041
923632141
923632241
923632341
923632441
923632542
923632642
923632742
923632842
923632942
923633043
923633143
923633243
923633343
923633443
923633543
923633644
923633744
923633844
923633945
923634045
923634145
923634245
923634345
923634446
923634546
923634646
923634746
923634846
923634947
923635147
923635247
923635347
923635447
923635547
923635648
923635748
923635848
923635948
923636048
923636149
923636249
923636349
923636449
923636650
923636750
923636850
923636950
923637151
923637251
923637351
923637452
923637552
923637652
923637752
923637853
923637953
923638153
923638254
923638354
923638454
923638554
923638655
923638755
923638855
923638955
923639055
923639156
923639356
923639456
923639556
923639657
923639757
923639957
923640058
923640158
923640258
923640358
923640458
923640559
923640659
923640859
923640959
923641160
923641260
923641360
923641561
923641961
923642062
923642463
923642563
923643064
923643164
923643365
923643565
923643866
923644166
923644367
923644567
923644668
923644768
923644868
923645069
923645169
923645569
923645669
923645770
923645870
923645970
923646070
923646171
923646271
923646371
923646571
923646672
923646772
923646872
923646972
923647073
923647173
923647273
923647373
923647473
923647574
923647674
923647774
923647874
923647975
923648075
923648175
923648276
923648376
923648476
923648576
923648677
923648777
923648877
923648977
923649078
923649178
923649278
923649378
923649478
923649579
923649679
923649879
923649980
923650080
923650180
923650280
923650380
923650481
923650581
923650681
923650781
923650882
923650982
923651082
923651183
923651283
923651383
923651483
923651584
923651684
923651784
923651884
923651985
923652085
923652185
923652285
923652385
923652486
923652586
923652686
923652787
923652887
923652987
923653087
923653187
923653288
923653388
923653488
923653588
923653689
923653789
923653889
923653989
923654089
923654189
923654290
923654390
923654490
923654590
923654691
923654791
923654891
923654991
923655091
923655192
923655292
923655392
923655492
923655593
923655693
923655793
923655893
923655993
923656094
923656194
923656294
923656394
923656495
923656595
923656695
923656795
923656896
923656996
923657096
923657196
923657297
923657397
923657497
923657597
923657698
923657798
923657898
923657998
923658099
923658199
923658299
923658399
923658500
923658600
923658700
923658801
923658901
923659001
923659101
923659202
923659302
923659402
923659502
923659602
923659703
923659803
923659903
923660003
923660104
923660204
923660304
923660404
923660505
923660605
923660705
923660805
923660906
923661006
923661106
923661206
923661306
923661407
923661507
923661607
923661707
923661807
923661908
923662008
923662108
923662208
923662308
923662409
923662509
923662609
923662709
923662809
923662909
923663009
923663110
923663210
923663310
923663410
923663510
923663610
923663711
923663811
923664613
923664713
923664813
923664913
923665014
923665114
923665214
923665314
923665415
923665515
923665615
923665715
923665815
923665915
923666015
923666116
923666216
923666316
923666416
923666516
923666616
923666717
923666817
923666917
923667017
923667117
923667218
923667318
923667418
923667518
923667618
923667719
923667819
923667919
923668019
923668119
923668219
923668319
923668419
923668520
923668620
923668720
923668820
923668920
923669020
923669121
923669221
923669321
923669421
923669521
923669621
923669721
923669822
923669922
923670022
923670122
923670222
923670323
923670423
923670523
923670623
923670723
923670823
923670923
923671024
923671124
923671224
923671325
923671424
923671525
923671625
923671725
923671825
923671925
923672025
923672126
923672226
923672326
923672426
923672527
923672627
923672727
923672827
923672927
923673027
923673127
923673228
923673328
923673428
923673528
923673628
923673728
923673829
923673929
923674029
923674129
923674229
923674329
923674430
923674530
923674630
923674730
923674830
923675030
923675131
923675231
923675331
923675431
923675531
923675632
923675732
923675832
923675932
923676033
923676133
923676233
923676333
923676433
923676534
923676634
923676734
923676834
923676935
923677035
923677135
923677235
923677335
923677435
923677536
923677636
923677736
923677836
923677936
923678036
923678137
923678237
923678337
923678437
923678537
923678638
923678738
923678838
923678938
923679039
923679139
923679239
923679339
923679439
923679540
923679640
923679740
923679840
923679940
923680041
923680141
923680341
923680441
923680542
923680642
923680742
923680842
923680942
923681143
923681243
923681343
923681443
923681544
923681644
923681744
923681844
923681945
923682045
923682145
923682245
923682346
923682446
923682546
923682646
923682746
923682847
923682947
923683047
923683147
923683248
923683348
923683448
923683548
923683648
923683749
923683949
923684049
923684149
923684250
923684350
923684450
923684550
923684651
923684751
923684851
923684951
923685051
923685152
923685252
923685352
923685452
923685552
923685653
923685753
923685853
923685953
923686054
923686154
923686254
923686354
923686455
923686555
923686755
923686855
923687056
923687156
923687257
923687357
923687457
923687557
923687758
923688058
923688159
923688459
923688760
923688860
923688960
923689061
923689161
923689261
923689361
923689462
923689562
923689662
923689762
923689862
923689963
923690063
923690163
923690263
923690364
923690464
923690564
923690664
923690764
923690865
923690965
923691065
923691165
923691265
923691366
923691466
923691566
923691667
923691767
923691867
923691967
923692067
923692168
923692268
923692368
923692468
923692569
923692769
923692869
923692969
923693070
923693170
923693270
923693470
923693571
923693671
923693771
923693871
923693972
923694072
923694172
923694272
923694372
923694473
923694573
923694673
923694773
923694873
923694974
923695074
923695174
923695274
923695375
923695475
923695575
923695676
923695776
923695876
923695976
923696076
923696177
923696277
923696377
923696477
923696578
923696778
923696879
923696979
923697079
923697179
923697279
923697380
923697480
923697580
923697680
923697780
923697881
923697981
923698081
923698181
923698282
923698382
923698482
923698582
923698682
923698783
923698883
923698983
923699083
923699184
923699384
923699484
923699584
923699685
923699785
923699885
923699985
923700086
923700186
923700286
923700386
923700486
923700587
923700687
923700787
923700888
923700988
923701088
923701188
923701289
923701389
923701489
923701690
923701790
923701890
923701990
923702091
923702191
923702291
923702391
923702491
923702592
923702692
923702792
923702892
923702993
923703093
923703193
923703293
923703393
923703494
923703594
923703694
923703794
923703894
923703995
923704095
923704195
923704295
923704395
923704496
923704696
923704796
923704896
923704997
923705097
923705197
923705297
923705397
923705498
923705598
923705698
923705798
923705898
923705998
923706098
923706199
923706299
923706399
923706500
923706600
923706700
923706800
923706900
923707000
923707101
923707201
923707301
923707401
923707501
923707602
923707702
923707802
923707902
923708002
923708102
923708202
923708302
923708402
923708503
923708603
923708703
923708803
923708903
923709003
923709103
923709204
923709304
923709404
923709504
923709604
923709704
923709805
923709905
923710005
923710105
923710205
923710306
923710406
923710506
923710606
923710707
923710807
923710907
923711007
923711107
923711208
923711308
923711408
923711509
923711609
923711709
923711809
923711910
923712010
923712110
923712211
923712311
923712411
923712511
923712611
923712711
923712812
923712912
923713012
923713112
923713212
923713312
923713413
923713513
923713613
923713714
923713814
923713914
923714014
923714115
923714215
923714315
923714415
923714515
923714616
923714716
923714816
923714916
923715017
923715117
923715217
923715318
923715418
923715619
923715719
923715819
923715920
923716020
923716120
923716220
923716320
923716421
923716521
923716621
923716721
923716822
923716922
923717022
923717122
923717323
923717423
923717523
923717623
923717824
923717924
923718024
923718125
923718225
923718325
923718526
923718626
923718726
923719027
923719127
923719227
923719327
923719428
923719528
923719829
923719929
923720030
923720130
923720230
923720330
923720431
923720531
923720631
923720731
923720832
923720932
923721032
923721132
923721233
923721333
923721433
923721534
923721634
923721734
923721835
923721935
923722035
923722135
923722235
923722336
923722436
923722536
923722636
923722736
923722837
923722937
923723037
923723138
923723238
923723338
923723439
923723539
923723639
923723840
923723940
923724040
923724241
923724341
923724441
923724542
923724642
923724742
923724842
923724943
923725043
923725143
923725245
923725345
923725445
923725545
923725646
923725746
923725846
923725947
923726047
923726147
923726247
923726347
923726448
923726548
923726648
923726749
923726849
923726949
923727049
923727149
923727250
923727350
923727450
923727551
923727651
923727751
923727851
923727952
923728052
923728152
923728252
923728353
923728453
923728553
923728654
923728754
923728854
923728955
923729055
923729155
923729256
923729356
923729456
923729556
923729656
923729757
923729857
923729957
923730057
923730157
923730257
923730358
923730458
923730558
923730658
923730758
923730959
923731059
923731159
923731259
923731359
923731460
923731560
923731660
923731760
923731860
923731961
923732061
923732161
923732261
923732361
923732461
923732562
923732662
923732762
923732862
923732962
923733062
923733163
923733263
923733363
923733463
923733563
923733663
923733764
923733864
923733964
923734064
923734164
923734264
923734364
923734464
923734564
923734665
923734765
923734865
923734965
923735166
923735266
923735366
923735466
923735566
923735666
923735767
923735867
923735967
923736067
923736167
923736267
923736367
923736468
923736568
923736668
923736768
923736869
923736969
923737069
923737169
923737269
923737370
923737470
923737570
923737670
923737770
923737871
923737971
923738071
923738171
923738271
923738371
923738472
923738572
923738672
923738772
923738872
923738972
923739073
923739173
923739273
923739373
923739473
923739574
923739674
923739774
923739874
923739974
923740075
923740175
923740275
923740375
923740475
923740576
923740676
923740776
923740876
923740976
923741077
923741177
923741277
923741377
923741478
923741578
923741678
923741778
923741878
923741978
923742079
923742179
923742279
923742379
923742479
923742580
923742680
923742780
923742880
923742980
923743080
923743181
923743281
923743381
923743481
923743581
923743682
923743782
923743882
923743982
923744082
923744183
923744283
923744383
923744483
923744583
923744684
923744784
923744884
923744984
923745084
923745185
923745285
923745385
923745485
923745585
923745686
923745786
923745886
923745986
923746086
923746187
923746287
923746387
923746487
923746587
923746688
923746888
923746988
923747089
923747189
923747289
923747389
923747490
923747590
923747690
923747791
923747891
923747991
923748091
923748192
923748292
923748392
923748492
923748592
923748693
923748793
923748893
923748994
923749094
923749194
923749295
923749395
923749495
923749595
923749696
923749796
923749896
923749996
923750096
923750297
923750397
923750497
923750597
923750999
923751199
923751600
923751800
923752301
923752602
923752803
923752903
923753003
923753103
923753203
923753304
923753404
923753504
923753604
923753704
923753805
923753905
923754005
923754106
923754206
923754306
923754406
923754506
923754607
923754707
923754807
923754907
923755007
923755108
923755208
923755308
923755408
923755509
923755609
923755709
923755809
923755909
923756010
923756110
923756210
923756310
923756411
923756511
923756611
923756711
923756812
923756912
923757012
923757112
923757213
923757313
923757413
923757513
923757614
923757714
923757814
923757914
923758015
923758115
923758215
923758315
923758416
923758516
923758616
923758716
923758817
923758917
923759017
923759117
923759217
923759318
923759418
923759518
923759618
923759719
923759819
923759919
923760020
923760120
923760220
923760320
923760420
923760521
923760621
923760721
923760822
923760922
923761022
923761122
923761223
923761323
923761423
923761524
923761624
923761724
923761824
923761925
923762025
923762125
923762225
923762325
923762425
923762526
923762626
923762726
923762826
923762927
923763027
923763127
923763227
923763327
923763428
923763528
923763628
923763728
923763829
923763929
923764029
923764129
923764230
923764330
923764430
923764530
923764631
923764731
923764831
923764931
923765031
923765131
923765232
923765332
923765432
923765532
923765632
923765733
923765833
923765933
923766033
923766134
923766234
923766334
923766434
923766534
923766634
923766734
923766835
923766935
923767035
923767135
923767236
923767336
923767436
923767536
923767636
923767737
923767837
923767937
923768037
923768137
923768237
923768338
923768438
923768538
923768638
923768738
923768838
923768939
923769039
923769139
923769239
923769339
923769439
923769539
923769640
923769740
923769840
923769940
923770040
923770140
923770241
923770341
923770441
923770541
923770642
923770742
923770842
923770942
923771042
923771143
923771243
923771343
923771443
923771543
923771643
923771744
923771844
923771944
923772044
923772144
923772245
923772345
923772445
923772545
923772645
923772746
923772846
923772946
923773046
923773146
923773247
923773347
923773447
923773547
923773647
923773747
923773848
923773948
923774048
923774248
923774349
923774449
923774549
923774650
923774750
923774850
923774950
923775050
923775151
923775251
923775351
923775451
923775551
923775652
923775752
923775852
923775952
923776053
923776153
923776253
923776353
923776454
923776554
923776654
923776754
923776854
923776955
923777055
923777155
923777255
923777356
923777456
923777556
923777656
923777856
923778057
923778157
923778257
923778357
923778458
923778558
923778658
923778758
923778858
923778959
923779059
923779159
923779259
923779359
923779460
923779560
923779660
923779760
923779861
923779961
923780061
923780161
923780262
923780462
923780562
923780663
923780763
923780863
923780963
923781063
923781163
923781264
923781364
923781464
923781564
923781664
923781764
923781864
923781965
923782065
923782165
923782265
923782366
923782466
923782566
923782666
923782767
923782867
923782967
923783067
923783168
923783268
923783368
923783469
923783569
923783669
923783769
923783870
923783970
923784070
923784170
923784371
923784471
923784571
923784672
923784772
923784872
923784972
923785073
923785173
923785273
923785373
923785473
923785574
923785674
923785774
923786375
923786776
923786876
923787478
923787678
923787778
923788079
923788179
923788279
923788380
923788480
923788580
923788680
923788780
923788881
923788981
923789081
923789182
923789282
923789382
923789482
923789582
923789683
923789883
923789983
923790084
923790184
923790284
923790384
923790484
923790584
923790685
923790785
923790885
923790985
923791086
923791186
923791286
923791387
923791487
923791587
923791687
923791787
923791888
923791988
923792088
923792188
923792289
923792389
923792489
923792589
923792689
923792790
923792890
923792990
923793091
923793191
923793291
923793391
923793491
923793592
923793692
923793792
923793893
923794093
923794193
923794294
923794394
923794494
923794594
923794695
923794795
923794895
923794995
923795096
923795196
923795296
923795396
923795497
923795597
923795697
923795797
923795897
923795998
923796098
923796198
923796298
923796399
923796499
923796599
923796800
923796900
923797000
923797100
923797200
923797301
923797401
923797501
923797602
923797702
923797802
923798002
923798102
923798203
923798303
923798403
923798503
923798604
923798704
923798804
923798905
923799005
923799105
923799205
923799306
923799406
923799506
923799606
923799707
923799807
923799907
923800008
923800108
923800208
923800308
923800409
923800509
923800609
923800709
923800810
923800910
923801010
923801110
923801211
923801311
923801411
923801511
923801611
923801711
923801812
923801912
923802012
923802112
923802212
923802313
923802413
923802513
923802613
923802713
923802813
923802914
923803014
923803114
923803214
923803314
923803414
923803515
923803615
923803715
923803815
923803915
923804015
923804115
923804216
923804316
923804416
923804516
923804616
923804717
923804817
923804917
923805017
923805117
923805218
923805318
923805418
923805518
923805618
923805718
923805819
923805919
923806019
923806119
923806219
923806419
923806519
923806620
923806720
923806820
923806920
923807020
923807120
923807221
923807321
923807421
923807521
923807621
923807721
923807822
923808022
923808122
923808323
923808423
923808523
923808623
923808723
923808823
923808923
923809024
923809124
923809224
923809324
923809424
923809524
923809624
923809825
923809925
923810025
923810125
923810226
923810326
923810426
923810526
923810626
923810826
923810926
923811027
923811127
923811227
923811327
923811427
923811527
923811627
923811727
923811828
923811928
923812028
923812228
923812329
923812429
923812529
923812629
923812729
923812829
923812929
923813029
923813129
923813230
923813330
923813430
923813530
923813630
923813731
923813831
923813931
923814031
923814131
923814231
923814331
923814432
923814532
923814632
923814732
923814832
923814932
923815033
923815133
923815233
923815333
923815433
923815534
923815634
923815734
923815834
923815934
923816035
923816135
923816235
923816335
923816435
923816536
923816636
923816736
923816836
923816936
923817037
923817137
923817237
923817337
923817437
923817538
923817638
923817738
923817838
923817938
923818039
923818139
923818239
923818340
923818440
923818540
923818640
923818741
923818841
923818941
923819041
923819141
923819242
923819342
923819542
923819643
923819743
923819843
923820043
923820144
923820244
923820344
923820444
923820645
923820845
923820945
923821045
923821145
923821246
923821346
923821446
923821546
923821747
923821847
923821947
923822047
923822148
923822248
923822349
923822450
923822550
923822650
923822750
923822850
923822951
923823051
923823151
923823251
923823352
923823452
923823552
923823652
923823753
923823853
923823953
923824053
923824153
923824254
923824354
923824454
923824554
923824654
923824755
923824855
923824955
923825055
923825156
923825256
923825356
923825456
923825556
923825657
923825757
923825857
923825957
923826057
923826158
923826358
923826458
923826559
923826759
923826859
923827160
923827260
923827460
923827661
923827861
923828062
923828162
923828362
923828463
923828763
923829064
923829164
923829264
923829365
923829465
923829665
923829766
923829866
923829966
923830066
923830166
923830267
923830367
923830467
923830567
923830667
923830768
923830868
923830968
923831068
923831169
923831269
923831369
923831469
923831569
923831670
923831770
923831870
923831970
923832071
923832171
923832271
923832372
923832472
923832572
923832672
923832773
923832873
923832973
923833073
923833173
923833274
923833374
923833474
923833575
923833675
923833775
923833875
923833976
923834076
923834176
923834276
923834376
923834477
923834577
923834677
923834777
923834878
923834978
923835078
923835178
923835279
923835379
923835479
923835579
923835780
923835880
923835980
923836080
923836181
923836281
923836381
923836481
923836582
923836682
923836782
923836882
923836983
923837083
923837183
923837283
923837383
923837484
923837584
923837684
923837784
923837885
923837985
923838085
923838185
923838286
923838386
923838486
923838687
923838787
923838887
923838987
923839087
923839188
923839288
923839388
923839489
923839589
923839689
923839789
923839889
923839989
923840090
923840190
923840290
923840390
923840491
923840691
923840792
923840892
923840992
923841092
923841192
923841293
923841393
923841493
923841593
923841693
923841794
923841894
923841994
923842194
923842294
923842395
923842495
923842595
923842695
923842795
923842895
923843096
923843196
923843296
923843396
923843496
923843596
923843696
923843797
923843897
923843997
923844097
923844197
923844297
923844397
923844498
923844598
923844698
923844798
923844898
923844998
923845098
923845198
923845299
923845399
923845499
923845599
923845699
923845799
923845899
923846000
923846100
923846200
923846300
923846400
923846501
923846601
923846701
923846801
923846901
923847001
923847102
923847202
923847302
923847402
923847503
923847603
923847703
923847803
923847903
923848003
923848103
923848204
923848304
923848404
923848504
923848604
923848705
923848805
923848905
923849005
923849105
923849205
923849305
923849406
923849506
923849606
923849706
923849807
923849907
923850007
923850108
923850308
923850408
923850508
923850608
923850708
923850808
923850909
923851009
923851109
923851309
923851409
923851510
923851610
923851810
923851910
923852011
923852211
923852311
923852412
923852512
923852612
923852712
923852813
923852913
923853013
923853113
923853314
923853414
923853515
923853615
923853715
923853815
923853915
923854016
923854116
923854216
923854316
923854417
923854517
923854617
923854717
923854818
923854918
923855018
923855118
923855219
923855319
923855419
923855519
923855619
923855720
923855820
923855920
923856020
923856121
923856221
923856321
923856421
923856522
923856622
923856822
923856922
923857023
923857223
923857323
923857624
923857724
923858125
923858226
923858326
923858426
923858526
923858627
923858727
923858827
923858927
923859028
923859128
923859228
923859328
923859429
923859629
923859730
923859830
923859930
923860030
923860131
923860231
923860331
923860432
923860532
923860632
923860733
923860833
923860933
923861033
923861134
